0.39335638636098186
1.7598525812327859
3.16531019778705
2.3696086145886324
-0.012467522226401639
-0.7057124216572849
-0.2400494185250098
15.124078245379314
-0.8218741989024366
-2.058295908397943
0.8438230562407787
-2.4227501325297762
-0.8210966909386349
12.006323450598519
-2.3952702585718035
-4.905416742173992
-1.1237322433902472
-1.2978141022379168
0.7274861685358092
-1.5260985434075025
-0.8630432425304407
-3.4643183017761645
-0.3490316475864248
0.21655032023985496
1.0765244749342877
-1.340968796210812
0.1901509671431109
1.8843031545434639
-1.994317899870219
0.5671773225585671
-0.31326640055135263
-0.8567721752295832
-0.12117227355538479
4.623309597163542
-1.3445772718556728
0.9538608314675109
-2.344985404031239
-5.991737991434893
0.09185618099987726
0.964407483810818
-3.164542633123327
-4.169633653049747
2.6122827351984905
2.233535379725766
0.7834793156758024
0.5452191782891475
-0.00537053603888109
0.49395754055033303
-0.6034739557738211
1.2411786964522937
45.44019404591618
-0.9512999990932841
0.45676200590298044
-0.42363542901583073
0.0809169297434584
0.6479987997676753
0.7963079960718845
1.1518304999335487
-0.2310822713840132
-0.1828160844645122
1.0523823067197056
0.5793389718367827
2.740299664697245
-3.397384326579861
0.22118159901265858
0.05517335744823274
0.11038984668701268
-0.509516632590253
-0.8054675491257439
0.68876787842332
-0.8512776599998831
-0.8129194045826295
-1.5416011724707708
0.07059235267658953
-1.2919458132423416
6.70213556122675
0.4199854758043494
2.2246165092298766
1.165279940520545
-0.4121590601443317
-3.504605060588172
-0.08259302853801971
3.042845191337628
-15.598769585779317
0.348645501566415
-1.4766547916847426
0.19817435713985054
-0.8435390095861197
-0.24953266948121633
23.7123187009726
0.5317747524390255
-0.9198802601510786
-0.0618223079199538
0.2638675567144209
-2.8339585678440056
-2.8767409794270615
-7.315002868551338
-1.254460763042984
-0.897151675369533
0.7196193055278783
