-49.89071642110796
-33.50345398058977
-49.00068805471156
-11.394910180766736
-43.99476402656356
21.376599050626496
-12.801962321603085
-45.619117106490926
-35.24545647415196
-10.543319689415263
19.550453003066636
-45.161640784692125
-19.537028977530113
29.762032564408642
-26.308045593182648
-42.21040006853133
-10.268372032933328
-41.75499173667644
3.770528527955541
-16.698691567923298
-10.136795730631754
-13.856148706891837
37.36329995878394
-24.919483718755465
-49.443248773033474
5.353151366892476
6.471092956774669
-30.33303525186333
30.309916826422082
-30.89999107794712
-31.719509467296415
-3.8500051993539017
40.72012009895121
23.348931029964675
17.918234636587428
35.31930738315667
1.973887631067143
-45.387721202540234
22.082747708904904
16.47524471045668
-38.963836573346555
33.22210636135378
-42.77709831907315
32.565766029032645
-49.60089659540674
47.62305510995472
18.844185437132495
9.883579928207695
49.72251249237189
44.87489521150218
-20.442355644943856
-22.7515941975735
-24.704278265383905
15.307248991926244
12.647111632127839
41.415671611426646
-37.0266261806528
-14.852123085430634
-34.7846152298677
-9.605597260398902
29.08524919078957
9.949866978951086
-39.61981559930558
14.423426784683485
-9.207100885851716
-6.228067832094183
31.52587123227019
-44.4535290485954
2.463526720308181
-5.6800375239288385
43.27706180605688
-28.95690301491691
17.854203641569583
12.636846055905295
33.645424301085114
23.413831403213322
19.247171566689786
7.43153054282422
19.711138254254138
-9.815722142207129
-35.85036298674697
18.767149933808753
45.23557304412435
20.48437226181572
-12.230902984347281
33.58198671891738
12.762010133666593
-47.824620950663075
-34.80205796378446
-23.60409210033496
35.04626230251368
43.238606420265626
-18.91129964800897
-37.441124544689565
-38.93068479857665
-35.79376647411536
-23.426081731516835
8.526985572060731
-19.580795132686646
44.60606943716489
